0 0.4265625 0.5390625 0.440625 0.5390625 0.471875 0.553125 0.51875 0.55 0.575 0.51875 0.603125 0.48125 0.615625 0.475 0.6765625 0.5046875 0.678125 0.4953125 0.646875 0.4484375 0.675 0.3921875 0.6609375 0.3921875 0.634375 0.421875 0.6015625 0.4421875 0.5640625 0.4328125 0.4984375 0.4390625 0.45 0.4734375 0.428125 0.5109375 0.425 0.5296875 0.409375 0.5234375 0.390625 0.528125 0.3921875 0.54375 0.4078125 0.5515625 0.415625 0.5515625 0.4265625 0.5390625
0 0.259375 0.9609375 0.240625 0.9578125 0.2390625 0.8890625 0.234375 0.884375 0.2265625 0.8875 0.2296875 0.9265625 0.209375 0.9265625 0.1703125 0.9046875 0.140625 0.9046875 0.125 0.9125 0.09375 0.959375 0.090625 0.9984375 0.246875 0.9984375 0.246875 0.98125 0.259375 0.9609375
0 0.49375 0.1703125 0.4984375 0.1484375 0.45 0.0796875 0.4453125 0.0953125 0.4265625 0.0953125 0.40625 0.1140625 0.4046875 0.1296875 0.4171875 0.159375 0.4734375 0.178125 0.49375 0.1703125
0 0.5765625 0.8078125 0.575 0.784375 0.5625 0.78125 0.51875 0.8015625 0.4984375 0.81875 0.484375 0.84375 0.4828125 0.871875 0.5125 0.871875 0.525 0.865625 0.5765625 0.8078125
0 0.9015625 0 0.9234375 0.0359375 0.903125 0.0640625 0.903125 0.0765625 0.915625 0.0765625 0.95 0.0390625 0.965625 0.040625 0.9703125 0.05625 0.9984375 0.065625 0.9984375 0 0.9703125 0 0.9578125 0.0140625 0.93125 0 0.9015625 0
0 0.825 0.9609375 0.825 0.925 0.815625 0.921875 0.80625 0.9328125 0.75625 0.953125 0.7265625 0.990625 0.725 0.9984375 0.78125 0.9984375 0.8140625 0.9640625 0.825 0.9609375
0 0.7828125 0.7859375 0.796875 0.7796875 0.821875 0.778125 0.821875 0.7234375 0.8046875 0.7375 0.7859375 0.7328125 0.765625 0.7359375 0.75 0.75 0.7421875 0.7671875 0.7421875 0.78125 0.7671875 0.7953125 0.7796875 0.7953125 0.7828125 0.7859375
0 0.5796875 0.396875 0.596875 0.39375 0.6 0.3765625 0.590625 0.3703125 0.5703125 0.378125 0.5625 0.3609375 0.5484375 0.359375 0.521875 0.36875 0.5078125 0.3921875 0.50625 0.40625 0.5140625 0.41875 0.5484375 0.41875 0.5796875 0.396875
0 0.1734375 0.8328125 0.16875 0.8140625 0.15625 0.809375 0.1390625 0.8203125 0.1109375 0.8 0.09375 0.80625 0.0828125 0.821875 0.0890625 0.8453125 0.11875 0.85625 0.153125 0.85 0.1734375 0.8328125
0 0.2203125 0.809375 0.246875 0.81875 0.24375 0.7859375 0.2171875 0.7484375 0.2109375 0.7265625 0.1765625 0.728125 0.175 0.7390625 0.1953125 0.7625 0.2 0.7859375 0.2203125 0.809375
0 0.08125 0.321875 0.075 0.28125 0.0703125 0.278125 0.065625 0.290625 0.0390625 0.3 0.028125 0.3171875 0.03125 0.340625 0.0421875 0.3421875 0.075 0.3296875 0.08125 0.321875
0 0.409375 0.3625 0.403125 0.359375 0.3796875 0.36875 0.3703125 0.39375 0.371875 0.415625 0.3921875 0.4109375 0.41875 0.3890625 0.409375 0.3625
0 0 0.8578125 0.0125 0.85 0.015625 0.8046875 0.0046875 0.7390625 0 0.7390625 0 0.8578125
0 0.3046875 0.3609375 0.3015625 0.353125 0.284375 0.353125 0.259375 0.3734375 0.2609375 0.3890625 0.2921875 0.3875 0.3046875 0.3765625 0.3046875 0.3609375
0 0.1453125 0.759375 0.1390625 0.7453125 0.1140625 0.7515625 0.09375 0.746875 0.0875 0.7546875 0.0859375 0.7703125 0.09375 0.775 0.1390625 0.7671875 0.1453125 0.759375
0 0.1421875 0 0.1375 0.021875 0.1359375 0.065625 0.1421875 0.06875 0.1546875 0.05 0.159375 0 0.1421875 0
0 0.3109375 0.8640625 0.3015625 0.859375 0.2796875 0.859375 0.271875 0.8703125 0.2703125 0.878125 0.2796875 0.8859375 0.3125 0.8796875 0.3109375 0.8640625
0 0.209375 0.665625 0.203125 0.6421875 0.184375 0.628125 0.175 0.6296875 0.1734375 0.6453125 0.184375 0.659375 0.203125 0.66875 0.209375 0.665625
0 0.3828125 0.7578125 0.378125 0.74375 0.359375 0.7515625 0.353125 0.7609375 0.3578125 0.7734375 0.36875 0.7734375 0.3828125 0.7578125