0 0.465625 0.20625 0.4796875 0.19375 0.490625 0.196875 0.4921875 0.1796875 0.48125 0.153125 0.484375 0.1140625 0.4609375 0.04375 0.4453125 0.021875 0.4265625 0.009375 0.4046875 0.0109375 0.3859375 0.021875 0.39375 0.0875 0.415625 0.125 0.4390625 0.153125 0.465625 0.20625
0 0.44375 0.6671875 0.496875 0.66875 0.5484375 0.6640625 0.5875 0.65 0.6 0.625 0.621875 0.6140625 0.63125 0.571875 0.6203125 0.521875 0.5875 0.4875 0.5203125 0.46875 0.475 0.4640625 0.425 0.46875 0.3921875 0.4875 0.3796875 0.5015625 0.3515625 0.5640625 0.35 0.5796875 0.3640625 0.609375 0.403125 0.653125 0.44375 0.6671875
0 0.1640625 0.26875 0.1734375 0.240625 0.1625 0.2109375 0.134375 0.1921875 0.10625 0.1859375 0.1 0.1953125 0.0984375 0.2171875 0.13125 0.2625 0.1484375 0.2703125 0.1640625 0.26875
0 0.2171875 0.31875 0.225 0.3046875 0.21875 0.2734375 0.19375 0.2515625 0.184375 0.2515625 0.171875 0.2703125 0.1703125 0.2984375 0.184375 0.321875 0.2046875 0.3265625 0.2171875 0.31875
0 0.221875 0.3140625 0.2265625 0.2875 0.240625 0.28125 0.259375 0.2609375 0.2609375 0.225 0.2421875 0.2109375 0.225 0.2109375 0.2078125 0.221875 0.171875 0.2640625 0.175 0.309375 0.1875 0.3234375 0.2046875 0.3265625 0.221875 0.3140625
0 0.1015625 0.3875 0.103125 0.371875 0.0875 0.3390625 0.0609375 0.3265625 0.05 0.3484375 0.0484375 0.396875 0.0671875 0.409375 0.090625 0.4015625 0.1015625 0.3875
0 0.1984375 0.434375 0.1984375 0.4109375 0.1828125 0.390625 0.1578125 0.3953125 0.1390625 0.4203125 0.1375 0.4484375 0.153125 0.4609375 0.178125 0.459375 0.1984375 0.434375
0 0.2890625 0.403125 0.271875 0.3609375 0.259375 0.3578125 0.2421875 0.3859375 0.240625 0.4015625 0.259375 0.43125 0.278125 0.4328125 0.2890625 0.403125
0 0.459375 0.371875 0.4609375 0.3515625 0.446875 0.3375 0.421875 0.3359375 0.4015625 0.346875 0.390625 0.3625 0.3921875 0.3859375 0.4109375 0.390625 0.453125 0.3796875 0.459375 0.371875
0 0.5328125 0.3671875 0.540625 0.3578125 0.5359375 0.325 0.5203125 0.3140625 0.496875 0.315625 0.4828125 0.3375 0.48125 0.3546875 0.496875 0.371875 0.5125 0.375 0.5328125 0.3671875
0 0.6484375 0.334375 0.6453125 0.3140625 0.621875 0.29375 0.6 0.3 0.5875 0.3171875 0.5875 0.3453125 0.609375 0.3640625 0.6296875 0.359375 0.6484375 0.334375
0 0.6734375 0.315625 0.6734375 0.2828125 0.65625 0.2640625 0.6296875 0.259375 0.5875 0.315625 0.590625 0.35 0.6078125 0.3640625 0.621875 0.365625 0.6734375 0.315625
0 0.5828125 0.2203125 0.5953125 0.2078125 0.6015625 0.184375 0.59375 0.1671875 0.5734375 0.1609375 0.553125 0.1703125 0.5375 0.19375 0.5359375 0.2046875 0.546875 0.2171875 0.56875 0.2234375 0.5828125 0.2203125
0 0.60625 0.1265625 0.60625 0.0953125 0.5875 0.071875 0.5578125 0.0734375 0.534375 0.0921875 0.5328125 0.115625 0.540625 0.1296875 0.5875 0.140625 0.60625 0.1265625
0 0.4578125 0.2359375 0.46875 0.215625 0.446875 0.184375 0.4296875 0.1859375 0.403125 0.2125 0.4015625 0.2359375 0.415625 0.246875 0.4375 0.2453125 0.4578125 0.2359375
0 0.415625 0.1390625 0.415625 0.128125 0.3921875 0.0875 0.35625 0.084375 0.340625 0.090625 0.3296875 0.1046875 0.3296875 0.1296875 0.35 0.15 0.3734375 0.1546875 0.415625 0.1390625
0 0.8421875 0.0984375 0.8546875 0.0578125 0.8375 0.0359375 0.81875 0.04375 0.809375 0.05625 0.8015625 0.071875 0.8015625 0.1046875 0.8203125 0.1125 0.8421875 0.0984375
0 0.8765625 0.16875 0.878125 0.1359375 0.859375 0.11875 0.828125 0.121875 0.809375 0.134375 0.8046875 0.1453125 0.803125 0.1609375 0.8171875 0.175 0.8546875 0.18125 0.8765625 0.16875
0 0.99375 0.234375 0.990625 0.2078125 0.9671875 0.184375 0.9375 0.184375 0.9203125 0.2 0.9234375 0.23125 0.9515625 0.2515625 0.9796875 0.2484375 0.99375 0.234375
0 0.8640625 0.3140625 0.8609375 0.2859375 0.8484375 0.2734375 0.8328125 0.2765625 0.8140625 0.3 0.8109375 0.321875 0.825 0.3375 0.8484375 0.33125 0.8640625 0.3140625
0 0.759375 0 0.7609375 0.025 0.76875 0.0328125 0.7796875 0.0328125 0.79375 0 0.759375 0
0 0.10625 0 0.1125 0.034375 0.1296875 0.040625 0.1453125 0.0328125 0.153125 0.0203125 0.1546875 0 0.10625 0
0 0.4734375 0.440625 0.475 0.4125 0.4609375 0.39375 0.434375 0.3875 0.4140625 0.4046875 0.4125 0.4234375 0.4234375 0.4375 0.45625 0.446875 0.4734375 0.440625
0 0.2421875 0 0.234375 0.0234375 0.2515625 0.05625 0.259375 0.05625 0.2859375 0.0359375 0.2890625 0.025 0.275 0.015625 0.26875 0 0.2421875 0