0 0.1625 0.0578125 0.165625 0.0375 0.15 0.0125 0.1390625 0.009375 0.134375 0.0140625 0.1375 0.040625 0.15 0.0546875 0.1625 0.0578125
0 0.078125 0.24375 0.0671875 0.2234375 0.0609375 0.21875 0.0453125 0.2234375 0.0421875 0.2375 0.0484375 0.2484375 0.0765625 0.2609375 0.078125 0.24375
0 0.25625 0.2234375 0.275 0.228125 0.26875 0.2109375 0.284375 0.2 0.2671875 0.2015625 0.2125 0.1890625 0.184375 0.2265625 0.1828125 0.240625 0.190625 0.2515625 0.2265625 0.259375 0.25625 0.2234375
0 0.01875 0.33125 0.0125 0.33125 0.0109375 0.3515625 0.0171875 0.3578125 0.021875 0.34375 0.01875 0.33125
0 0.2984375 0.48125 0.296875 0.4640625 0.2796875 0.4453125 0.246875 0.440625 0.2234375 0.446875 0.221875 0.465625 0.2515625 0.4859375 0.290625 0.4890625 0.2984375 0.48125
0 0.2328125 0.5171875 0.240625 0.509375 0.240625 0.496875 0.2265625 0.471875 0.16875 0.465625 0.159375 0.4703125 0.1609375 0.5078125 0.175 0.503125 0.20625 0.5171875 0.2328125 0.5171875
0 0.115625 0.5765625 0.10625 0.5640625 0.0734375 0.5671875 0.0640625 0.5921875 0.0953125 0.6015625 0.1140625 0.5953125 0.115625 0.5765625
0 0.203125 0.684375 0.215625 0.65625 0.234375 0.653125 0.2359375 0.6265625 0.23125 0.615625 0.2109375 0.6265625 0.1921875 0.615625 0.1703125 0.6125 0.15625 0.6234375 0.1421875 0.6484375 0.1421875 0.6890625 0.1609375 0.7046875 0.16875 0.7046875 0.203125 0.684375
0 0.3953125 0.8234375 0.396875 0.7828125 0.3765625 0.75625 0.365625 0.76875 0.359375 0.8015625 0.365625 0.796875 0.3765625 0.815625 0.3953125 0.8234375
0 0.4421875 0.6578125 0.4703125 0.6796875 0.475 0.696875 0.48125 0.6984375 0.490625 0.678125 0.490625 0.65625 0.478125 0.60625 0.4703125 0.5953125 0.4484375 0.603125 0.4546875 0.6234375 0.4453125 0.64375 0.4390625 0.6421875 0.4421875 0.6578125
0 0.5921875 0.84375 0.6234375 0.821875 0.6515625 0.7828125 0.640625 0.7671875 0.6171875 0.7640625 0.6046875 0.76875 0.5578125 0.8109375 0.534375 0.80625 0.53125 0.8140625 0.546875 0.821875 0.559375 0.853125 0.5921875 0.84375
0 0.8796875 0.6734375 0.8953125 0.628125 0.890625 0.6125 0.86875 0.6203125 0.8453125 0.665625 0.8421875 0.6859375 0.853125 0.709375 0.8625 0.684375 0.8796875 0.6734375
0 0.9765625 0.8421875 0.96875 0.8171875 0.94375 0.796875 0.915625 0.7953125 0.8984375 0.80625 0.8796875 0.796875 0.8921875 0.8328125 0.9140625 0.846875 0.946875 0.8546875 0.9765625 0.8421875
0 0.5875 0.54375 0.59375 0.5359375 0.5953125 0.515625 0.5796875 0.4734375 0.5375 0.4453125 0.5296875 0.45 0.5390625 0.484375 0.5578125 0.5203125 0.5796875 0.54375 0.5875 0.54375
0 0.440625 0.1578125 0.434375 0.1546875 0.4140625 0.1640625 0.4 0.19375 0.3984375 0.21875 0.4078125 0.225 0.425 0.2046875 0.440625 0.1578125
0 0.38125 0.0765625 0.3859375 0.0609375 0.3484375 0.0328125 0.3140625 0.028125 0.3140625 0.0421875 0.3 0.0734375 0.2796875 0.0953125 0.2796875 0.1015625 0.328125 0.103125 0.353125 0.0859375 0.38125 0.0765625
0 0.5078125 0.0515625 0.496875 0.040625 0.475 0.05 0.45625 0.0796875 0.4625 0.0859375 0.49375 0.06875 0.5078125 0.0515625
0 0.56875 0.053125 0.559375 0.04375 0.5328125 0.04375 0.5359375 0.078125 0.553125 0.0796875 0.56875 0.0671875 0.56875 0.053125
0 0.8265625 0.265625 0.8796875 0.2234375 0.871875 0.215625 0.878125 0.1875 0.8453125 0.2 0.834375 0.1953125 0.815625 0.2 0.79375 0.225 0.7859375 0.25 0.7828125 0.2671875 0.7875 0.2734375 0.809375 0.2734375 0.8265625 0.265625