0 0.1953125 0.7703125 0.334375 0.7734375 0.384375 0.7609375 0.4109375 0.7640625 0.44375 0.7421875 0.4859375 0.7390625 0.5515625 0.7234375 0.7171875 0.6578125 0.73125 0.6296875 0.78125 0.596875 0.8046875 0.559375 0.8453125 0.528125 0.8765625 0.5140625 0.9 0.5109375 0.9625 0.5359375 0.96875 0.496875 0.9734375 0.234375 0.9625 0.23125 0.953125 0.2390625 0.8890625 0.340625 0.871875 0.3546875 0.85625 0.3421875 0.8625 0.3125 0.8484375 0.2765625 0.8015625 0.2453125 0.7640625 0.2390625 0.7375 0.2453125 0.678125 0.2796875 0.509375 0.3078125 0.446875 0.3265625 0.4375 0.3328125 0.4359375 0.3421875 0.4265625 0.340625 0.403125 0.359375 0.28125 0.4203125 0.1203125 0.540625 0.06875 0.590625 0.0296875 0.659375 0.028125 0.68125 0.04375 0.7046875 0.10625 0.7421875 0.1953125 0.7703125
0 0.253125 0.15625 0.3 0.1609375 0.3109375 0.13125 0.3078125 0.1015625 0.2953125 0.090625 0.278125 0.059375 0.2578125 0.059375 0.259375 0.078125 0.225 0.0984375 0.203125 0.13125 0.2046875 0.178125 0.215625 0.190625 0.234375 0.1796875 0.253125 0.15625
0 0.3796875 0.1546875 0.3953125 0.1625 0.3921875 0.121875 0.38125 0.134375 0.328125 0.121875 0.315625 0.1296875 0.30625 0.153125 0.3046875 0.1703125 0.3109375 0.1765625 0.3515625 0.18125 0.3796875 0.1546875
0 0.6578125 0.053125 0.6578125 0.034375 0.646875 0.015625 0.61875 0.025 0.6046875 0.05625 0.60625 0.090625 0.640625 0.1015625 0.6484375 0.059375 0.6578125 0.053125
0 0.8765625 0.1546875 0.909375 0.1109375 0.9203125 0.10625 0.9375 0.1109375 0.934375 0.0515625 0.925 0.053125 0.903125 0.08125 0.8734375 0.0734375 0.8265625 0.0875 0.809375 0.1171875 0.803125 0.1484375 0.8015625 0.165625 0.809375 0.171875 0.8625 0.1625 0.8765625 0.1546875
0 0.4140625 0.3390625 0.3953125 0.3234375 0.353125 0.3203125 0.3375 0.328125 0.309375 0.359375 0.3109375 0.3734375 0.3453125 0.3828125 0.4015625 0.35625 0.4140625 0.3390625
0 0 0 0 0.025 0.0546875 0.065625 0.084375 0.0765625 0.0859375 0.0390625 0.0734375 0 0 0
0 0.8765625 0.61875 0.915625 0.64375 0.903125 0.6078125 0.9203125 0.5640625 0.915625 0.5515625 0.8625 0.5859375 0.846875 0.5703125 0.8421875 0.571875 0.815625 0.6703125 0.85625 0.6390625 0.8609375 0.6265625 0.8765625 0.61875
0 0.74375 0.19375 0.7734375 0.1859375 0.765625 0.165625 0.73125 0.128125 0.684375 0.1203125 0.6703125 0.125 0.6578125 0.1390625 0.6546875 0.1546875 0.6640625 0.1671875 0.7296875 0.20625 0.74375 0.19375
0 0.53125 0 0.5234375 0.0109375 0.5234375 0.025 0.534375 0.040625 0.5546875 0.05 0.6 0.0546875 0.609375 0.0328125 0.6375 0.021875 0.6484375 0.0078125 0.6546875 0.015625 0.6859375 0.015625 0.690625 0.0203125 0.7109375 0 0.53125 0
0 0.48125 0.0203125 0.4578125 0.0140625 0.440625 0.021875 0.4265625 0.040625 0.4296875 0.0515625 0.453125 0.0515625 0.478125 0.0328125 0.48125 0.0203125