0 0.1921875 0.1453125 0.30625 0.2359375 0.3921875 0.25625 0.4734375 0.2515625 0.5625 0.2125 0.6078125 0.225 0.6890625 0.2234375 0.7453125 0.215625 0.8015625 0.1859375 0.8390625 0.15625 0.865625 0.121875 0.8375 0.0953125 0.784375 0.103125 0.753125 0.090625 0.6375 0.071875 0.5875 0.0578125 0.1140625 0.0640625 0.1109375 0.0703125 0.115625 0.0921875 0.1078125 0.1125 0.121875 0.1296875 0.1921875 0.1453125
0 0.2859375 0.4109375 0.3421875 0.425 0.43125 0.4234375 0.4734375 0.40625 0.49375 0.40625 0.54375 0.3484375 0.50625 0.3171875 0.484375 0.3125 0.415625 0.2796875 0.2875 0.265625 0.2609375 0.2703125 0.1171875 0.328125 0.125 0.365625 0.1921875 0.38125 0.2484375 0.409375 0.2859375 0.4109375
0 0.5984375 0.4015625 0.665625 0.4234375 0.771875 0.4046875 0.865625 0.3671875 0.9125 0.3328125 0.9375 0.30625 0.9625 0.253125 0.925 0.2328125 0.8875 0.2453125 0.815625 0.240625 0.6828125 0.25625 0.5484375 0.35 0.484375 0.4203125 0.4828125 0.4328125 0.5015625 0.440625 0.5578125 0.396875 0.5984375 0.4015625
0 0.1296875 0.55 0.2421875 0.5921875 0.3390625 0.5984375 0.396875 0.584375 0.4734375 0.546875 0.49375 0.521875 0.5046875 0.484375 0.496875 0.46875 0.4703125 0.4640625 0.4375 0.4671875 0.3953125 0.45625 0.25625 0.4515625 0.1578125 0.4859375 0.1296875 0.5015625 0.1171875 0.5296875 0.08125 0.546875 0.053125 0.5734375 0.0484375 0.5921875 0.059375 0.590625 0.0796875 0.5703125 0.1296875 0.55
0 0.5359375 0.4953125 0.553125 0.5015625 0.640625 0.5734375 0.6984375 0.5859375 0.74375 0.5890625 0.80625 0.5828125 0.8515625 0.56875 0.878125 0.571875 0.90625 0.5515625 0.9078125 0.540625 0.9328125 0.5140625 0.9046875 0.4796875 0.771875 0.45 0.665625 0.4375 0.6421875 0.4453125 0.5328125 0.4546875 0.46875 0.4390625 0.4703125 0.4515625 0.4984375 0.4546875 0.515625 0.496875 0.5359375 0.4953125
0 0.0328125 0.71875 0.034375 0.7359375 0.071875 0.7140625 0.1078125 0.7078125 0.1921875 0.7484375 0.2203125 0.75625 0.3234375 0.759375 0.3703125 0.7546875 0.425 0.7390625 0.45 0.7203125 0.425 0.6625 0.4265625 0.640625 0.4328125 0.6375 0.40625 0.625 0.309375 0.61875 0.2328125 0.625 0.1828125 0.6453125 0.10625 0.6640625 0.028125 0.65 0.025 0.6625 0.0421875 0.6828125 0.0421875 0.6984375 0.0328125 0.71875
0 0.803125 0.753125 0.8453125 0.7390625 0.8640625 0.740625 0.8921875 0.7203125 0.8953125 0.7015625 0.915625 0.66875 0.8875 0.6421875 0.8296875 0.63125 0.7390625 0.603125 0.653125 0.5921875 0.6296875 0.5953125 0.5921875 0.615625 0.5546875 0.61875 0.515625 0.6328125 0.5015625 0.6875 0.6 0.7390625 0.678125 0.7546875 0.803125 0.753125
0 0.5390625 0.8859375 0.628125 0.9265625 0.696875 0.93125 0.7703125 0.9171875 0.790625 0.9109375 0.83125 0.871875 0.825 0.85625 0.80625 0.84375 0.7171875 0.8015625 0.6328125 0.78125 0.5859375 0.7625 0.55625 0.7765625 0.5296875 0.7796875 0.4390625 0.771875 0.4234375 0.7875 0.4390625 0.8015625 0.465625 0.8125 0.5390625 0.8859375
0 0.14375 0.88125 0.246875 0.9390625 0.2890625 0.95 0.34375 0.9546875 0.484375 0.9359375 0.5171875 0.884375 0.503125 0.871875 0.503125 0.8625 0.4921875 0.8484375 0.2984375 0.8140625 0.1515625 0.846875 0.1390625 0.8453125 0.1328125 0.8515625 0.1234375 0.840625 0.1140625 0.840625 0.1 0.8453125 0.0921875 0.8671875 0.078125 0.875 0.075 0.8890625 0.10625 0.8875 0.1265625 0.878125 0.14375 0.88125
0 0 0.15625 0.021875 0.1421875 0.0078125 0.13125 0.0515625 0.09375 0.0484375 0.0875 0.0171875 0.0921875 0 0.096875 0 0.15625
0 0.003125 0.16875 0 0.2171875 0.0421875 0.2125 0.046875 0.2 0.003125 0.16875
0 0 0.4046875 0.0328125 0.4203125 0.0390625 0.4203125 0.06875 0.384375 0.065625 0.378125 0.075 0.365625 0.0984375 0.359375 0.1078125 0.3703125 0.1078125 0.3578125 0.1171875 0.3421875 0.09375 0.328125 0.0125 0.325 0 0.325 0 0.4046875
0 0.0796875 0.5 0.096875 0.434375 0.075 0.3875 0.0640625 0.3796875 0.034375 0.43125 0.003125 0.4671875 0 0.559375 0.071875 0.546875 0.1203125 0.5203125 0.0796875 0.5
0 0 0.8171875 0.0328125 0.8296875 0.0625 0.83125 0.065625 0.825 0.059375 0.815625 0.0140625 0.7703125 0.0265625 0.746875 0.0359375 0.6953125 0.0203125 0.703125 0 0.7171875 0 0.8171875