0 0.1421875 0.2671875 0.1921875 0.2390625 0.2125 0.21875 0.2734375 0.1265625 0.31875 0.1515625 0.3046875 0.0328125 0.296875 0.03125 0.2734375 0.1 0.1625 0.134375 0.1015625 0.1921875 0.090625 0.2140625 0.0890625 0.23125 0.096875 0.25625 0.11875 0.2671875 0.1421875 0.2671875
0 0.4140625 0.346875 0.4234375 0.3453125 0.4375 0.3546875 0.4421875 0.4 0.5015625 0.3015625 0.50625 0.2796875 0.5015625 0.271875 0.4734375 0.303125 0.45625 0.3046875 0.41875 0.25625 0.41875 0.1953125 0.403125 0.221875 0.3484375 0.26875 0.33125 0.275 0.328125 0.284375 0.35 0.31875 0.3765625 0.31875 0.4140625 0.346875
0 0.7328125 0.2640625 0.75625 0.24375 0.7875 0.1875 0.796875 0.140625 0.796875 0.0875 0.8046875 0.075 0.7984375 0.0578125 0.7859375 0.05625 0.7890625 0.0640625 0.7390625 0.1328125 0.725 0.165625 0.71875 0.2171875 0.7046875 0.2515625 0.7234375 0.246875 0.7328125 0.2640625
0 0.5578125 0.7328125 0.5671875 0.746875 0.5796875 0.803125 0.6015625 0.8015625 0.615625 0.790625 0.6546875 0.709375 0.6984375 0.7 0.778125 0.709375 0.7953125 0.7 0.796875 0.6578125 0.8171875 0.609375 0.821875 0.578125 0.7953125 0.5875 0.778125 0.5484375 0.765625 0.534375 0.7625 0.5203125 0.7671875 0.50625 0.778125 0.503125 0.7796875 0.4703125 0.7671875 0.46875 0.7609375 0.484375 0.7375 0.471875 0.7390625 0.4265625 0.73125 0.403125 0.7234375 0.3984375 0.7046875 0.4015625 0.6828125 0.4703125 0.6296875 0.484375 0.5953125 0.5015625 0.5328125 0.5515625 0.5 0.5953125 0.4671875 0.66875 0.465625 0.7 0.475 0.721875 0.5109375 0.7328125 0.5578125 0.7328125
0 0.490625 0.0921875 0.478125 0.078125 0.4671875 0.0765625 0.46875 0.103125 0.4890625 0.1265625 0.4953125 0.121875 0.490625 0.0921875
0 0.090625 0.578125 0.103125 0.5828125 0.0875 0.5671875 0.0859375 0.5515625 0.0640625 0.5375 0.03125 0.5359375 0.0125 0.5546875 0.009375 0.5734375 0.0296875 0.5921875 0.0734375 0.5984375 0.090625 0.578125
0 0.1609375 0.378125 0.16875 0.3734375 0.178125 0.3328125 0.171875 0.3203125 0.1546875 0.3125 0.134375 0.3140625 0.134375 0.3265625 0.1578125 0.3609375 0.1609375 0.378125
0 0.034375 0.4109375 0.028125 0.4 0.00625 0.3984375 0 0.4015625 0.003125 0.4390625 0.028125 0.4265625 0.034375 0.4109375
0 0.05625 0.1140625 0.046875 0.1109375 0.0421875 0.1203125 0.0234375 0.1265625 0.0125 0.1453125 0.0125 0.165625 0.03125 0.1640625 0.05625 0.1296875 0.05625 0.1140625
0 0.0421875 0.221875 0.0265625 0.2203125 0.0078125 0.2375 0.0046875 0.2515625 0.01875 0.2546875 0.03125 0.246875 0.0421875 0.221875
0 0.4625 0.0359375 0.4515625 0.0328125 0.44375 0.0390625 0.4453125 0.0609375 0.465625 0.065625 0.471875 0.059375 0.4625 0.0359375