0 0.5 0.46875 0.5359375 0.50625 0.5421875 0.5 0.540625 0.46875 0.55 0.4609375 0.565625 0.4578125 0.590625 0.465625 0.6234375 0.465625 0.6578125 0.45 0.684375 0.4609375 0.69375 0.45625 0.69375 0.43125 0.66875 0.3734375 0.6546875 0.3609375 0.6421875 0.3609375 0.61875 0.3484375 0.5953125 0.31875 0.553125 0.28125 0.5046875 0.259375 0.471875 0.259375 0.4125 0.28125 0.4 0.2984375 0.403125 0.3234375 0.371875 0.38125 0.3734375 0.4125 0.390625 0.434375 0.45 0.459375 0.5 0.46875
0 0.35625 0.0703125 0.340625 0.05 0.3484375 0.075 0.3484375 0.1328125 0.3578125 0.1125 0.4015625 0.13125 0.4265625 0.0984375 0.446875 0.0953125 0.4734375 0.065625 0.46875 0.04375 0.453125 0.025 0.3890625 0.0203125 0.378125 0.0328125 0.3875 0.040625 0.365625 0.0734375 0.35625 0.0703125
0 0.3921875 0.1765625 0.390625 0.16875 0.3609375 0.165625 0.340625 0.1796875 0.340625 0.19375 0.371875 0.1828125 0.3765625 0.1859375 0.3921875 0.1765625
0 0.49375 0.1546875 0.4984375 0.1140625 0.484375 0.1125 0.45 0.1265625 0.4296875 0.15 0.428125 0.1609375 0.4390625 0.16875 0.4828125 0.15 0.49375 0.1546875
0 0.528125 0.0359375 0.51875 0.034375 0.5078125 0.05 0.5046875 0.0625 0.5171875 0.0734375 0.528125 0.0640625 0.528125 0.0359375
0 0.1890625 0.034375 0.2 0.021875 0.209375 0.021875 0.221875 0.0296875 0.2265625 0.0484375 0.2484375 0.0421875 0.26875 0.0484375 0.2953125 0.040625 0.3 0.0125 0.2921875 0 0.153125 0.0015625 0.1703125 0.0171875 0.1703125 0.0296875 0.1890625 0.034375
0 0.0953125 0.1140625 0.090625 0.0859375 0.071875 0.06875 0.059375 0.0640625 0.0359375 0.0703125 0.05 0.0953125 0.0484375 0.10625 0.0796875 0.115625 0.0953125 0.1140625
0 0.05625 0 0.05625 0.0046875 0.0703125 0.0125 0.096875 0.0140625 0.11875 0.009375 0.1296875 0 0.05625 0
0 0.3421875 0 0.2953125 0.0015625 0.2984375 0.0078125 0.3328125 0.0125 0.3421875 0
0 0.04375 0.4046875 0.1734375 0.328125 0.1765625 0.309375 0.1578125 0.2890625 0.103125 0.296875 0.0875 0.309375 0.0921875 0.3328125 0.0734375 0.3578125 0.0125 0.36875 0.009375 0.3796875 0.0296875 0.396875 0.028125 0.403125 0.04375 0.4046875
0 0 0.221875 0.0390625 0.2359375 0.04375 0.2140625 0.0359375 0.2 0.0125 0.1828125 0 0.1796875 0 0.221875
0 0 0.6453125 0.0625 0.6140625 0.109375 0.578125 0.1359375 0.528125 0.134375 0.5203125 0.1234375 0.51875 0.1078125 0.540625 0.025 0.5859375 0.021875 0.5953125 0 0.59375 0 0.6453125