0 0.5421875 0.434375 0.5375 0.4578125 0.5546875 0.5 0.559375 0.5046875 0.575 0.503125 0.6125 0.4796875 0.640625 0.4984375 0.75625 0.703125 0.75 0.715625 0.6859375 0.7515625 0.675 0.7671875 0.6890625 0.771875 0.746875 0.7421875 0.8015625 0.671875 0.8078125 0.5890625 0.7984375 0.5515625 0.775 0.5015625 0.7109375 0.4265625 0.7046875 0.4046875 0.7109375 0.38125 0.696875 0.3734375 0.621875 0.359375 0.5828125 0.3265625 0.521875 0.29375 0.45625 0.2640625 0.4203125 0.2609375 0.4203125 0.2828125 0.4625 0.3453125 0.5375 0.4203125 0.5421875 0.434375
0 0.24375 0.65625 0.2984375 0.65 0.3203125 0.6328125 0.325 0.61875 0.321875 0.59375 0.296875 0.5828125 0.2015625 0.58125 0.1890625 0.59375 0.1828125 0.60625 0.1875 0.6296875 0.2046875 0.64375 0.24375 0.65625
0 0.4015625 0.81875 0.4125 0.7984375 0.4046875 0.7640625 0.3796875 0.75 0.315625 0.7546875 0.3015625 0.759375 0.2890625 0.775 0.2859375 0.80625 0.3140625 0.8234375 0.3828125 0.8265625 0.4015625 0.81875
0 0.6234375 0.640625 0.628125 0.628125 0.6421875 0.6296875 0.6453125 0.625 0.6421875 0.6125 0.6203125 0.5953125 0.5828125 0.5859375 0.5234375 0.5875 0.5046875 0.59375 0.4953125 0.6109375 0.4953125 0.6234375 0.5046875 0.634375 0.5671875 0.6515625 0.6234375 0.640625
0 0.8578125 0.2 0.86875 0.190625 0.8765625 0.1953125 0.8875 0.1828125 0.915625 0.16875 0.965625 0.175 0.9984375 0.171875 0.9984375 0.1578125 0.953125 0.14375 0.9078125 0.146875 0.8765625 0.1578125 0.803125 0.2109375 0.7671875 0.2203125 0.7671875 0.2359375 0.8578125 0.2
0 0.596875 0.159375 0.7015625 0.1125 0.7 0.1 0.684375 0.090625 0.65625 0.0875 0.6203125 0.1015625 0.5859375 0.134375 0.5640625 0.1796875 0.553125 0.2078125 0.5578125 0.2234375 0.5625 0.2046875 0.596875 0.159375
0 0.9234375 0 0.8953125 0.0453125 0.8875 0.0984375 0.8765625 0.1234375 0.8796875 0.140625 0.884375 0.1453125 0.95 0.140625 0.9984375 0.1546875 0.9984375 0 0.9234375 0
0 0.965625 0.2765625 0.9796875 0.2546875 0.9609375 0.24375 0.9375 0.2453125 0.9171875 0.253125 0.896875 0.271875 0.890625 0.28125 0.89375 0.290625 0.921875 0.29375 0.965625 0.2765625
0 0.9984375 0.66875 0.9984375 0.6296875 0.965625 0.6296875 0.915625 0.65 0.8859375 0.640625 0.8828125 0.646875 0.896875 0.6640625 0.9546875 0.671875 0.9984375 0.66875
0 0.9984375 0.7609375 0.9984375 0.7390625 0.990625 0.7328125 0.9609375 0.725 0.9171875 0.725 0.8765625 0.734375 0.878125 0.746875 0.94375 0.7640625 0.9984375 0.7609375
0 0.7515625 0.828125 0.7703125 0.834375 0.7953125 0.8171875 0.815625 0.809375 0.81875 0.8140625 0.8453125 0.7890625 0.8546875 0.765625 0.8359375 0.746875 0.8078125 0.746875 0.778125 0.7578125 0.7421875 0.7890625 0.7375 0.7984375 0.7421875 0.83125 0.746875 0.8359375 0.7515625 0.828125
0 0.8484375 0.859375 0.8546875 0.84375 0.8328125 0.8234375 0.796875 0.8203125 0.7546875 0.8515625 0.7546875 0.8625 0.78125 0.8734375 0.7890625 0.884375 0.8484375 0.859375