0 0.3296875 0.5390625 0.360546875 0.568359375 0.428125 0.68125 0.3859375 0.778125 0.3828125 0.8046875 0.3875 0.8140625 0.434375 0.8109375 0.528125 0.7859375 0.5578125 0.8125 0.590625 0.8125 0.6515625 0.871875 0.70625 0.9125 0.715625 0.946875 0.7734375 0.98125 0.821875 0.9984375 0.9984375 0.9984375 0.9984375 0.9265625 0.9671875 0.928125 0.9515625 0.9125 0.9296875 0.878125 0.925 0.8515625 0.928125 0.79375 0.91875 0.7609375 0.934375 0.753125 0.9578125 0.75625 0.965625 0.75 0.9734375 0.7546875 0.965625 0.740625 0.9734375 0.7140625 0.965625 0.703125 0.9515625 0.7 0.9109375 0.66875 0.9015625 0.671875 0.8734375 0.6578125 0.8640625 0.6578125 0.859375 0.66875 0.8296875 0.6671875 0.8125 0.6046875 0.784375 0.5375 0.753125 0.4828125 0.7015625 0.4203125 0.6296875 0.3640625 0.5375 0.31875 0.24375 0.225 0.2171875 0.225 0.203125 0.2375 0.2046875 0.2734375 0.271875 0.4015625 0.30625 0.5 0.3296875 0.5390625
0 0.45 0.1265625 0.4421875 0.103125 0.4203125 0.0890625 0.40625 0.090625 0.3953125 0.1015625 0.39375 0.1328125 0.4109375 0.1484375 0.446875 0.165625 0.45 0.1265625
0 0.390625 0.221875 0.403125 0.2078125 0.4015625 0.175 0.3875 0.1765625 0.3828125 0.165625 0.35625 0.171875 0.3421875 0.184375 0.340625 0.2078125 0.35625 0.2234375 0.3671875 0.21875 0.390625 0.221875
0 0.5234375 0.2671875 0.515625 0.2546875 0.4953125 0.2578125 0.484375 0.278125 0.4921875 0.2984375 0.5109375 0.30625 0.525 0.303125 0.5234375 0.2671875
0 0.803125 0.5078125 0.8171875 0.503125 0.83125 0.4828125 0.840625 0.4859375 0.8484375 0.48125 0.8890625 0.4953125 0.903125 0.49375 0.846875 0.453125 0.815625 0.4515625 0.790625 0.465625 0.7703125 0.4875 0.7703125 0.4953125 0.7921875 0.4953125 0.803125 0.5078125
0 0.9984375 0.49375 0.9984375 0.4515625 0.9671875 0.45625 0.953125 0.4671875 0.9484375 0.475 0.9515625 0.4890625 0.978125 0.496875 0.9984375 0.49375
0 0.921875 0.528125 0.915625 0.521875 0.896875 0.5234375 0.875 0.5390625 0.878125 0.5609375 0.90625 0.5625 0.9140625 0.5578125 0.921875 0.528125
0 0.9984375 0.578125 0.9984375 0.53125 0.975 0.521875 0.95 0.5265625 0.9421875 0.534375 0.9453125 0.5515625 0.9703125 0.55625 0.9984375 0.578125
0 0.9796875 0.3890625 0.9703125 0.3640625 0.9640625 0.3609375 0.95 0.3625 0.9375 0.3765625 0.9375 0.39375 0.946875 0.4 0.965625 0.4 0.9796875 0.3890625
0 0.8015625 0.43125 0.7765625 0.4265625 0.759375 0.428125 0.7359375 0.440625 0.74375 0.4625 0.7625 0.484375 0.81875 0.45 0.8015625 0.43125
0 0.9703125 0.3015625 0.934375 0.2625 0.925 0.2640625 0.934375 0.2921875 0.965625 0.328125 0.9734375 0.3296875 0.9703125 0.3015625
0 0.940625 0.340625 0.9359375 0.3265625 0.9265625 0.315625 0.90625 0.3140625 0.9046875 0.3265625 0.9140625 0.3484375 0.934375 0.3625 0.940625 0.340625
0 0.9453125 0.4671875 0.9296875 0.453125 0.890625 0.4515625 0.875 0.4625 0.8734375 0.4703125 0.903125 0.49375 0.946875 0.4828125 0.9453125 0.4671875