0 0.3328125 0.6890625 0.33125 0.7015625 0.3421875 0.7359375 0.3578125 0.7390625 0.4078125 0.7109375 0.434375 0.70625 0.440625 0.6984375 0.465625 0.69375 0.4765625 0.684375 0.4828125 0.6921875 0.54375 0.678125 0.55625 0.6859375 0.559375 0.7046875 0.5765625 0.7015625 0.5984375 0.678125 0.6328125 0.6765625 0.65625 0.6828125 0.6578125 0.69375 0.675 0.68125 0.6875 0.68125 0.68125 0.6578125 0.66875 0.65 0.6734375 0.634375 0.6859375 0.6234375 0.7546875 0.6578125 0.7796875 0.6578125 0.784375 0.6453125 0.778125 0.6359375 0.7359375 0.6171875 0.68125 0.5734375 0.684375 0.528125 0.6734375 0.465625 0.640625 0.3875 0.603125 0.3390625 0.6078125 0.3125 0.4390625 0.3140625 0.4203125 0.3203125 0.3859375 0.3484375 0.3609375 0.4453125 0.365625 0.5046875 0.3953125 0.5765625 0.3625 0.6265625 0.3328125 0.6890625
0 0.1984375 0.721875 0.2171875 0.7203125 0.1890625 0.6296875 0.2109375 0.5671875 0.209375 0.553125 0.165625 0.6015625 0.1359375 0.5890625 0.121875 0.5546875 0.1125 0.59375 0.0859375 0.6296875 0.0703125 0.7 0.0453125 0.728125 0.0453125 0.740625 0.14375 0.7453125 0.165625 0.740625 0.1984375 0.721875
0 0.0359375 0.728125 0.0015625 0.69375 0 0.7375 0.0203125 0.7546875 0.0390625 0.759375 0.0359375 0.728125
0 0.4859375 0.8453125 0.43125 0.8390625 0.4109375 0.85 0.40625 0.8625 0.4203125 0.871875 0.4875 0.865625 0.4859375 0.8453125
0 0.659375 0.7765625 0.63125 0.7671875 0.60625 0.7703125 0.5890625 0.7828125 0.5890625 0.7921875 0.6078125 0.803125 0.6703125 0.7875 0.659375 0.7765625
0 0.6328125 0.88125 0.5921875 0.8671875 0.5671875 0.86875 0.553125 0.8796875 0.553125 0.8875 0.5703125 0.8984375 0.628125 0.8921875 0.6328125 0.88125
0 0.54375 0.884375 0.528125 0.878125 0.521875 0.884375 0.5203125 0.9015625 0.53125 0.909375 0.5421875 0.9078125 0.54375 0.884375
0 0.665625 0.9609375 0.696875 0.95 0.7 0.9421875 0.696875 0.9359375 0.6453125 0.91875 0.615625 0.925 0.596875 0.9390625 0.59375 0.95 0.5984375 0.9546875 0.6234375 0.9640625 0.665625 0.9609375
0 0.5671875 0.96875 0.56875 0.95 0.559375 0.9390625 0.5484375 0.934375 0.5125 0.9390625 0.5078125 0.9421875 0.5125 0.9515625 0.5578125 0.9703125 0.5671875 0.96875
0 0.7515625 0.809375 0.7515625 0.8015625 0.7140625 0.79375 0.6921875 0.8078125 0.6890625 0.8171875 0.6984375 0.828125 0.7171875 0.83125 0.7515625 0.809375
0 0.815625 0.8375 0.803125 0.8015625 0.775 0.8046875 0.7140625 0.79375 0.690625 0.8109375 0.6890625 0.8171875 0.7 0.8296875 0.7453125 0.84375 0.815625 0.8375
0 0.7640625 0.9390625 0.74375 0.934375 0.71875 0.9421875 0.7171875 0.95625 0.725 0.9625 0.7703125 0.95 0.7640625 0.9390625
0 0.9984375 0.8390625 0.971875 0.84375 0.94375 0.8640625 0.9390625 0.86875 0.9421875 0.8796875 0.9984375 0.8671875 0.9984375 0.8390625
0 0.9734375 0.940625 0.9765625 0.9515625 0.9984375 0.9578125 0.9984375 0.9203125 0.9734375 0.940625