0 0.2375 0 0.234375 0.0140625 0.246875 0.03125 0.2859375 0.071875 0.3484375 0.1109375 0.3609375 0.1390625 0.3625 0.096875 0.3796875 0.08125 0.3515625 0.059375 0.3328125 0.0171875 0.3140625 0 0.2375 0
0 0.5140625 0.053125 0.51875 0.015625 0.5078125 0.0140625 0.4890625 0.040625 0.4890625 0.0796875 0.496875 0.0828125 0.50625 0.075 0.5140625 0.053125
0 0.471875 0.1265625 0.48125 0.121875 0.4875 0.0921875 0.50625 0.075 0.5203125 0.0296875 0.5171875 0.0140625 0.5046875 0.015625 0.4765625 0.0515625 0.4453125 0.125 0.44375 0.1515625 0.4484375 0.1578125 0.4671875 0.1453125 0.471875 0.1265625
0 0.5390625 0.16875 0.5390625 0.2015625 0.609375 0.159375 0.634375 0.1203125 0.640625 0.1 0.6375 0.08125 0.6125 0.075 0.5921875 0.0828125 0.5484375 0.128125 0.54375 0.1484375 0.5203125 0.1484375 0.5390625 0.16875
0 0.6578125 0 0.66875 0.0375 0.69375 0.0609375 0.7015625 0.053125 0.7109375 0.0546875 0.7234375 0.078125 0.725 0.05625 0.7375 0.03125 0.7125 0.021875 0.715625 0 0.6578125 0
0 0.640625 0.365625 0.628125 0.3046875 0.6046875 0.271875 0.590625 0.2625 0.58125 0.265625 0.5828125 0.290625 0.6234375 0.384375 0.634375 0.3953125 0.640625 0.365625
0 0.465625 0.421875 0.471875 0.403125 0.4484375 0.3203125 0.4390625 0.303125 0.4265625 0.2953125 0.4203125 0.2953125 0.4140625 0.30625 0.4140625 0.3421875 0.4296875 0.371875 0.453125 0.3953125 0.465625 0.421875
0 0.36875 0.465625 0.40625 0.471875 0.434375 0.459375 0.4546875 0.4265625 0.4453125 0.403125 0.43125 0.39375 0.4015625 0.3953125 0.36875 0.4078125 0.365625 0.415625 0.33125 0.4125 0.3359375 0.4328125 0.33125 0.4609375 0.353125 0.453125 0.36875 0.465625
0 0.159375 0.5640625 0.1609375 0.5421875 0.153125 0.5359375 0.1375 0.540625 0.0921875 0.6046875 0.1046875 0.659375 0.1109375 0.625 0.1421875 0.59375 0.159375 0.5640625
0 0.503125 0.5734375 0.5171875 0.5953125 0.5484375 0.603125 0.559375 0.5859375 0.5515625 0.5859375 0.5453125 0.571875 0.5484375 0.5515625 0.53125 0.5421875 0.5328125 0.521875 0.5171875 0.4890625 0.4921875 0.4796875 0.475 0.48125 0.465625 0.4890625 0.4609375 0.4984375 0.4640625 0.525 0.48125 0.5609375 0.503125 0.5734375
0 0.6625 0.63125 0.68515625 0.61484375 0.7 0.625 0.6921875 0.6078125 0.7046875 0.584375 0.7015625 0.5796875 0.6734375 0.584375 0.665625 0.5765625 0.671875 0.5609375 0.65625 0.559375 0.628125 0.5359375 0.603125 0.5375 0.5859375 0.55625 0.578125 0.578125 0.6140625 0.6140625 0.65 0.6203125 0.6625 0.63125
0 0.509375 0.6921875 0.515625 0.68125 0.528125 0.6890625 0.5296875 0.696875 0.5546875 0.690625 0.5765625 0.6984375 0.615625 0.665625 0.6265625 0.6484375 0.61875 0.6265625 0.590625 0.603125 0.56875 0.603125 0.49375 0.64375 0.49375 0.65 0.5125 0.665625 0.509375 0.6921875
0 0.3828125 0.875 0.396875 0.8796875 0.421875 0.85625 0.434375 0.8625 0.4375 0.8390625 0.4484375 0.8171875 0.4390625 0.815625 0.421875 0.825 0.40625 0.8078125 0.36875 0.79375 0.3359375 0.815625 0.3203125 0.8359375 0.31875 0.846875 0.328125 0.8625 0.346875 0.878125 0.3828125 0.875
0 0.528125 0.9453125 0.55 0.903125 0.5677078125 0.8921875 0.5890625 0.890625 0.5921875 0.8796875 0.5671875 0.875 0.5640625 0.85625 0.55625 0.8578125 0.5421875 0.84375 0.5328125 0.84375 0.5046875 0.8625 0.471875 0.871875 0.4421875 0.93125 0.4375 0.946875 0.4421875 0.9609375 0.4828125 0.98125 0.528125 0.9453125
0 0.7796875 0.396875 0.78125 0.4109375 0.8203125 0.45 0.8578125 0.5140625 0.8984375 0.565625 0.925 0.5875 0.946875 0.590625 0.9546875 0.5625 0.9484375 0.5171875 0.915625 0.46875 0.846875 0.415625 0.8296875 0.346875 0.81875 0.4 0.8109375 0.40625 0.7921875 0.40625 0.7796875 0.396875