0 0.3640625 0.31875 0.3671875 0.3265625 0.3890625 0.3359375 0.3953125 0.325 0.390625 0.3078125 0.4046875 0.240625 0.4015625 0.2203125 0.3921875 0.20625 0.384375 0.20625 0.375 0.2171875 0.3703125 0.2390625 0.3609375 0.2515625 0.365625 0.2609375 0.3640625 0.31875
0 0.4265625 0.4078125 0.490625 0.40625 0.5 0.409375 0.5171875 0.440625 0.5203125 0.434375 0.5171875 0.40625 0.5328125 0.375 0.521875 0.3765625 0.496875 0.3953125 0.4 0.340625 0.3921875 0.3046875 0.4046875 0.2421875 0.4015625 0.2203125 0.390625 0.2046875 0.378125 0.2109375 0.3609375 0.2515625 0.365625 0.2640625 0.3640625 0.3171875 0.353125 0.3265625 0.309375 0.3171875 0.2875 0.3234375 0.284375 0.3328125 0.296875 0.3484375 0.3515625 0.384375 0.4265625 0.4078125
0 0.32578125 0.5453125 0.3421875 0.5625 0.346875 0.590625 0.3484375 0.5234375 0.309375 0.4796875 0.25 0.45 0.2046875 0.4453125 0.1859375 0.4546875 0.184375 0.465625 0.2 0.4828125 0.2546875 0.521875 0.32578125 0.5453125
0 0.290625 0.6125 0.3046875 0.646875 0.2984375 0.596875 0.265625 0.53125 0.2296875 0.5015625 0.2109375 0.4953125 0.2125 0.5203125 0.23125 0.5640625 0.2546875 0.5921875 0.290625 0.6125
0 0.6609375 0.5484375 0.675 0.5625 0.6765625 0.590625 0.6796875 0.540625 0.6984375 0.53125 0.7125 0.528125 0.734375 0.5375 0.746875 0.559375 0.759375 0.565625 0.7484375 0.5234375 0.7625 0.4890625 0.7203125 0.5140625 0.65 0.4765625 0.596875 0.4671875 0.5125 0.4640625 0.471875 0.471875 0.4453125 0.4859375 0.446875 0.50625 0.5203125 0.5375 0.5625 0.546875 0.6609375 0.5484375
0 0.765625 0.4078125 0.775 0.4515625 0.7828125 0.415625 0.7546875 0.3328125 0.7234375 0.2859375 0.7046875 0.2765625 0.7 0.29375 0.70625 0.325 0.73125 0.3671875 0.765625 0.4078125
0 0.65 0.44375 0.6359375 0.434375 0.6265625 0.4375 0.6265625 0.4703125 0.66875 0.48125 0.6671875 0.46875 0.65 0.44375
0 0.665625 0.5484375 0.6765625 0.5953125 0.68125 0.546875 0.671875 0.540625 0.665625 0.5484375
0 0.9796875 0.56875 0.9984375 0.55625 0.9984375 0.5203125 0.940625 0.4921875 0.9015625 0.4890625 0.8734375 0.5 0.8390625 0.5390625 0.846875 0.5546875 0.871875 0.56875 0.925 0.578125 0.9796875 0.56875
0 0.9984375 0.7109375 0.9984375 0.6953125 0.990625 0.6859375 0.9921875 0.665625 0.978125 0.6734375 0.9546875 0.64375 0.9359375 0.6328125 0.91875 0.63125 0.9046875 0.6390625 0.8859375 0.6671875 0.8890625 0.6890625 0.9265625 0.71875 0.9703125 0.7078125 0.9984375 0.7109375
0 0.9984375 0.8 0.9984375 0.7296875 0.9828125 0.7328125 0.9578125 0.7578125 0.915625 0.7703125 0.925 0.8 0.9984375 0.8
0 0.91875 0.884375 0.93125 0.85 0.9171875 0.8359375 0.8984375 0.8328125 0.871875 0.8625 0.8640625 0.8609375 0.8625 0.875 0.86875 0.884375 0.903125 0.8921875 0.91875 0.884375
0 0.975 0.9140625 0.978125 0.896875 0.9625 0.8765625 0.9453125 0.884375 0.921875 0.9078125 0.921875 0.925 0.953125 0.9328125 0.975 0.9140625
0 0.975 0.9859375 0.9484375 0.965625 0.915625 0.9578125 0.878125 0.9671875 0.8546875 0.99375 0.853125 0.9984375 0.99375 0.9984375 0.99375 0.9890625 0.975 0.9859375
0 0.7765625 0.9234375 0.7703125 0.865625 0.759375 0.8640625 0.746875 0.875 0.7359375 0.896875 0.734375 0.928125 0.7484375 0.965625 0.7640625 0.9546875 0.7765625 0.9234375
0 0.60625 0.728125 0.6625 0.725 0.6859375 0.7328125 0.696875 0.76875 0.703125 0.771875 0.6984375 0.728125 0.7078125 0.6859375 0.6875 0.7109375 0.678125 0.7125 0.6328125 0.671875 0.5828125 0.6453125 0.51875 0.6265625 0.4828125 0.63125 0.48125 0.646875 0.4890625 0.659375 0.5359375 0.7 0.60625 0.728125
0 0.68125 0.69375 0.6890625 0.684375 0.7109375 0.678125 0.7125 0.6609375 0.6984375 0.6375 0.6578125 0.61875 0.63125 0.61875 0.590625 0.6390625 0.5890625 0.646875 0.6484375 0.6796875 0.659375 0.69375 0.68125 0.69375
0 0.3609375 0.6140625 0.3484375 0.6109375 0.33125 0.6359375 0.3296875 0.653125 0.3484375 0.6578125 0.359375 0.6421875 0.3609375 0.6140625
0 0.49375 0.9078125 0.496875 0.8875 0.490625 0.8671875 0.4421875 0.81875 0.4421875 0.853125 0.4609375 0.8640625 0.4796875 0.903125 0.49375 0.9078125
0 0.5484375 0.8015625 0.5328125 0.7765625 0.5328125 0.7609375 0.5203125 0.7453125 0.509375 0.7453125 0.503125 0.75625 0.5078125 0.79375 0.525 0.809375 0.546875 0.809375 0.5484375 0.8015625
0 0.6375 0.8359375 0.6734375 0.834375 0.696875 0.81875 0.6796875 0.7890625 0.659375 0.775 0.621875 0.7765625 0.58125 0.7984375 0.5796875 0.8140625 0.590625 0.8140625 0.6015625 0.8265625 0.6375 0.8359375
0 0.565625 0.8984375 0.565625 0.875 0.553125 0.859375 0.5453125 0.865625 0.5421875 0.8875 0.55 0.9078125 0.5578125 0.909375 0.565625 0.8984375
0 0.6359375 0.946875 0.6234375 0.946875 0.59375 0.9734375 0.5984375 0.9828125 0.6203125 0.975 0.6359375 0.959375 0.6359375 0.946875
0 0.7984375 0.7703125 0.825 0.765625 0.8328125 0.7578125 0.8296875 0.74375 0.809375 0.7296875 0.7765625 0.7265625 0.7625 0.73125 0.74375 0.7390625 0.74375 0.7453125 0.771875 0.765625 0.7984375 0.7703125