0 0.7234375 0.29375 0.73125 0.2921875 0.78125 0.2203125 0.796875 0.209375 0.8234375 0.21875 0.8671875 0.246875 0.896875 0.25625 0.953125 0.2625 0.9984375 0.2578125 0.9984375 0.1 0.9453125 0.0984375 0.9 0.1078125 0.840625 0.140625 0.8171875 0.1640625 0.7984375 0.16875 0.7734375 0.1453125 0.7328125 0.0890625 0.7203125 0.0859375 0.7203125 0.1 0.73125 0.1125 0.759375 0.184375 0.7234375 0.29375
0 0.1484375 0.6703125 0.20625 0.7 0.259375 0.70625 0.2875 0.721875 0.271875 0.75 0.278125 0.7578125 0.3078125 0.7359375 0.378125 0.6578125 0.40625 0.6515625 0.4328125 0.6609375 0.478125 0.6953125 0.5265625 0.71875 0.5953125 0.7265625 0.6625 0.7265625 0.69375 0.7203125 0.721875 0.7109375 0.7671875 0.684375 0.790625 0.6609375 0.8234375 0.609375 0.80625 0.575 0.7625 0.528125 0.7296875 0.5046875 0.675 0.4875 0.596875 0.4875 0.5328125 0.509375 0.4546875 0.5515625 0.4421875 0.53125 0.3984375 0.53125 0.3953125 0.5234375 0.375 0.534375 0.3328125 0.5375 0.309375 0.5203125 0.309375 0.5015625 0.2828125 0.49375 0.2703125 0.4796875 0.2578125 0.4875 0.2578125 0.496875 0.2703125 0.509375 0.265625 0.54375 0.209375 0.56875 0.1359375 0.6296875 0.109375 0.63125 0.10625 0.6265625 0.1046875 0.6546875 0.1140625 0.678125 0.1328125 0.66875 0.1484375 0.6703125
0 0 0.384375 0.0125 0.3890625 0.0265625 0.3828125 0.0609375 0.3828125 0.090625 0.371875 0.096875 0.384375 0.1078125 0.3875 0.1453125 0.3734375 0.1546875 0.3546875 0.1125 0.2875 0.0734375 0.2515625 0.0203125 0.2265625 0 0.2265625 0 0.384375
0 0.1515625 0.4375 0.209375 0.4328125 0.246875 0.4109375 0.296875 0.359375 0.271875 0.3125 0.2265625 0.271875 0.165625 0.25625 0.1078125 0.265625 0.0875 0.2609375 0.0203125 0.2265625 0.003125 0.228125 0 0.4640625 0.0359375 0.459375 0.0875 0.434375 0.1515625 0.4375
0 0.1703125 0.25 0.2234375 0.265625 0.25625 0.2859375 0.2875 0.3265625 0.3375 0.309375 0.38125 0.2640625 0.3765625 0.2484375 0.328125 0.190625 0.253125 0.1625 0.2125 0.165625 0.1765625 0.1765625 0.0921875 0.228125 0.0828125 0.2359375 0.0890625 0.246875 0.1109375 0.25625 0.1703125 0.25
0 0.2203125 0.5421875 0.25625 0.5375 0.2640625 0.5296875 0.2484375 0.496875 0.25 0.478125 0.2640625 0.4671875 0.2921875 0.471875 0.321875 0.5046875 0.3421875 0.5125 0.3453125 0.5234375 0.384375 0.509375 0.3875 0.5015625 0.415625 0.4890625 0.425 0.4765625 0.415625 0.459375 0.3953125 0.4421875 0.375 0.4375 0.3140625 0.39375 0.2796875 0.3859375 0.228125 0.4265625 0.203125 0.4375 0.1515625 0.4421875 0.1359375 0.45 0.1109375 0.4703125 0.1125 0.478125 0.096875 0.5 0.0984375 0.5125 0.1140625 0.5109375 0.18125 0.5375 0.2203125 0.5421875
0 0 0.7046875 0.0453125 0.6875 0.071875 0.66875 0.0921875 0.621875 0.0578125 0.5703125 0.0390625 0.5515625 0.0046875 0.534375 0 0.534375 0 0.7046875
0 0 0.965625 0.040625 0.9984375 0.2484375 0.9984375 0.2625 0.99375 0.2625 0.9859375 0.309375 0.9609375 0.3265625 0.94375 0.321875 0.921875 0.2859375 0.875 0.240625 0.8484375 0.19375 0.8359375 0.125 0.84375 0.05625 0.8765625 0.0046875 0.9140625 0 0.91875 0 0.965625
0 0.934375 0.65 0.9984375 0.64375 0.9984375 0.5046875 0.93125 0.5 0.85625 0.5359375 0.8140625 0.565625 0.8078125 0.571875 0.8265625 0.603125 0.875 0.6375 0.934375 0.65
0 0.946875 0.8734375 0.9546875 0.8734375 0.9984375 0.8359375 0.9984375 0.73125 0.9546875 0.6921875 0.9421875 0.6890625 0.9890625 0.775 0.975 0.821875 0.9453125 0.8671875 0.946875 0.8734375
0 0.5296875 0.5125 0.5390625 0.5015625 0.46875 0.4703125 0.4234375 0.4875 0.3765625 0.5203125 0.375 0.53125 0.4 0.5421875 0.428125 0.5671875 0.5296875 0.5125