0 0 0.54375 0.0046875 0.5453125 0.0484375 0.521875 0.1 0.459375 0.10625 0.44375 0.0859375 0.3875 0.040625 0.353125 0.0046875 0.3390625 0 0.3390625 0 0.54375
0 0.2390625 0.3625 0.2703125 0.3734375 0.2828125 0.3453125 0.2984375 0.328125 0.3140625 0.3421875 0.3296875 0.3390625 0.3390625 0.2515625 0.328125 0.25 0.3 0.2734375 0.290625 0.2625 0.2265625 0.225 0.1765625 0.21875 0.1359375 0.2390625 0.1125 0.28125 0.115625 0.30625 0.15625 0.3515625 0.1890625 0.3640625 0.2390625 0.3625
0 0.45 0.4140625 0.48125 0.425 0.5046875 0.38125 0.5234375 0.3640625 0.5328125 0.3140625 0.5203125 0.3140625 0.5109375 0.334375 0.503125 0.3359375 0.44375 0.29375 0.40625 0.290625 0.384375 0.2984375 0.35 0.3375 0.3453125 0.365625 0.3921875 0.40625 0.4109375 0.4140625 0.45 0.4140625
0 0.24375 0.634375 0.2515625 0.646875 0.29375 0.6265625 0.3 0.6140625 0.3125 0.6109375 0.321875 0.596875 0.340625 0.5953125 0.340625 0.571875 0.359375 0.559375 0.3703125 0.559375 0.3734375 0.546875 0.371875 0.5421875 0.3640625 0.5453125 0.33515625 0.53359375 0.2875 0.4984375 0.246875 0.4921875 0.2140625 0.4984375 0.1859375 0.5203125 0.178125 0.5359375 0.1765625 0.571875 0.1953125 0.6046875 0.2203125 0.6265625 0.24375 0.634375
0 0.6359375 0.528125 0.6515625 0.515625 0.66875 0.515625 0.66875 0.4421875 0.6578125 0.4484375 0.6546875 0.459375 0.64375 0.459375 0.634375 0.45 0.628125 0.421875 0.571875 0.43125 0.5515625 0.4484375 0.5375 0.475 0.5375 0.5015625 0.559375 0.5578125 0.5984375 0.5375 0.6359375 0.528125
0 0.7515625 0.7125 0.7671875 0.7 0.771875 0.6828125 0.8015625 0.68125 0.79375 0.6421875 0.703125 0.540625 0.671875 0.525 0.6109375 0.534375 0.4875 0.603125 0.4828125 0.6109375 0.4875 0.6265625 0.553125 0.7140625 0.7515625 0.7125
0 0.5328125 0.9015625 0.546875 0.8890625 0.575 0.8796875 0.6046875 0.828125 0.6140625 0.828125 0.621875 0.8375 0.6265625 0.753125 0.6171875 0.753125 0.5921875 0.7890625 0.5484375 0.7671875 0.559375 0.7515625 0.55 0.7375 0.5359375 0.7390625 0.5203125 0.753125 0.475 0.7625 0.43125 0.79375 0.4140625 0.8375 0.415625 0.8609375 0.4546875 0.896875 0.490625 0.9078125 0.5328125 0.9015625
0 0.24375 0.93125 0.2484375 0.8796875 0.2484375 0.8453125 0.234375 0.8046875 0.2390625 0.7953125 0.228125 0.7828125 0.2015625 0.85 0.1921875 0.9078125 0.1921875 0.9484375 0.2015625 0.9625 0.215625 0.9625 0.24375 0.93125
0 0.7015625 0.3171875 0.7109375 0.303125 0.7328125 0.3015625 0.73125 0.228125 0.7234375 0.228125 0.696875 0.1953125 0.6484375 0.19375 0.634375 0.203125 0.6171875 0.2296875 0.6171875 0.25625 0.6375 0.2984375 0.6953125 0.3171875 0.7015625 0.3171875
0 0.7921875 0.4046875 0.8078125 0.4296875 0.8296875 0.4484375 0.8859375 0.48125 0.9015625 0.4890625 0.940625 0.490625 0.953125 0.4984375 0.965625 0.46875 0.990625 0.465625 0.9875 0.4140625 0.971875 0.421875 0.9578125 0.40546875 0.9625 0.3875 0.9578125 0.3609375 0.9484375 0.3515625 0.9359375 0.353125 0.93125 0.3609375 0.915625 0.3578125 0.9015625 0.3109375 0.8671875 0.3171875 0.853125 0.3109375 0.8421875 0.296875 0.809375 0.296875 0.78125 0.3046875 0.7578125 0.33125 0.7578125 0.359375 0.7875 0.39375 0.7796875 0.403125 0.7921875 0.4046875
0 0.8125 0.4921875 0.8234375 0.5046875 0.8328125 0.4953125 0.859375 0.4921875 0.871875 0.471875 0.871875 0.4625 0.81875 0.440625 0.7890625 0.396875 0.765625 0.4140625 0.7578125 0.4296875 0.75625 0.45 0.7671875 0.4671875 0.7859375 0.4828125 0.8125 0.4921875
0 0.9765625 0.6703125 0.99375 0.6453125 0.9984375 0.5875 0.9609375 0.565625 0.9125 0.5875 0.8953125 0.6125 0.8921875 0.6546875 0.9140625 0.675 0.9484375 0.684375 0.9765625 0.6703125