0 0.590625 0.7046875 0.6171875 0.7109375 0.6609375 0.7390625 0.6421875 0.7921875 0.6390625 0.8140625 0.6453125 0.8234375 0.653125 0.825 0.709375 0.7984375 0.7375 0.7765625 0.7515625 0.7765625 0.825 0.7921875 0.953125 0.7953125 0.95625 0.8078125 0.9671875 0.8125 0.9703125 0.834375 0.98125 0.84375 0.9984375 0.8453125 0.9984375 0.4890625 0.9734375 0.4671875 0.9578125 0.4296875 0.9265625 0.4421875 0.8453125 0.41875 0.75625 0.4265625 0.7125 0.4390625 0.5953125 0.5046875 0.4984375 0.546875 0.5 0.5828125 0.528125 0.61875 0.553125 0.6703125 0.590625 0.7046875
0 0.159375 0.696875 0.1421875 0.675 0.115625 0.6671875 0.059375 0.68125 0.0578125 0.6875 0.0984375 0.7046875 0.15 0.7046875 0.159375 0.696875
0 0 0.653125 0.0734375 0.6734375 0.0953125 0.6703125 0.1046875 0.6625 0.0984375 0.6484375 0.0765625 0.6328125 0.0453125 0.6265625 0.021875 0.634375 0 0.6421875 0 0.653125
0 0.7578125 0.271875 0.7625 0.2296875 0.740625 0.234375 0.7234375 0.209375 0.7046875 0.2234375 0.703125 0.2375 0.71875 0.2640625 0.7296875 0.2703125 0.7578125 0.271875
0 0.9828125 0.3515625 0.990625 0.34375 0.9828125 0.31875 0.9546875 0.2953125 0.9328125 0.29375 0.9203125 0.3046875 0.9140625 0.328125 0.91875 0.34375 0.965625 0.353125 0.9828125 0.3515625
0 0.275 0.3859375 0.3375 0.390625 0.365625 0.375 0.3765625 0.3546875 0.328125 0.325 0.2859375 0.3125 0.2296875 0.34375 0.2046875 0.3765625 0.203125 0.384375 0.225 0.3796875 0.240625 0.396875 0.275 0.3859375
0 0.1890625 0.3203125 0.253125 0.321875 0.278125 0.2953125 0.2296875 0.2609375 0.184375 0.25 0.159375 0.26875 0.121875 0.28125 0.1375 0.296875 0.171875 0.30625 0.1765625 0.3171875 0.1890625 0.3203125
0 0.390625 0.34375 0.4171875 0.3375 0.4125 0.3125 0.36875 0.265625 0.3015625 0.2296875 0.2828125 0.2296875 0.2421875 0.2546875 0.2484375 0.2640625 0.3609375 0.3375 0.390625 0.34375
0 0.159375 0.2390625 0.171875 0.23125 0.16875 0.19375 0.1578125 0.1953125 0.1390625 0.184375 0.0921875 0.171875 0.05 0.184375 0.01875 0.18125 0.015625 0.209375 0.028125 0.234375 0.103125 0.2421875 0.159375 0.2390625
0 0.1109375 0.4265625 0.125 0.41875 0.1171875 0.3984375 0.0953125 0.390625 0.059375 0.3875 0.025 0.4015625 0.0234375 0.4140625 0.0296875 0.4203125 0.05625 0.43125 0.1109375 0.4265625
0 0.3125 0.184375 0.3140625 0.175 0.3015625 0.1546875 0.2796875 0.1390625 0.2484375 0.13125 0.209375 0.1375 0.209375 0.1453125 0.2328125 0.1734375 0.2921875 0.1890625 0.3125 0.184375
0 0.29375 0.0796875 0.2734375 0.0734375 0.21875 0.0796875 0.2109375 0.0984375 0.2484375 0.1 0.2984375 0.0875 0.29375 0.0796875
0 0.7588546875 0.375 0.803125 0.384375 0.8203125 0.3796875 0.809375 0.35625 0.7671875 0.3359375 0.7078125 0.334375 0.6546875 0.3234375 0.5875 0.3265625 0.590625 0.3484375 0.63125 0.36875 0.6359375 0.3828125 0.7588546875 0.375
0 0.578125 0.396875 0.5703125 0.3796875 0.5390625 0.3671875 0.5015625 0.359375 0.459375 0.36875 0.4640625 0.3796875 0.4984375 0.4046875 0.55625 0.40625 0.578125 0.396875