0 0.128125 0.796875 0.140625 0.8015625 0.134375 0.7765625 0.1484375 0.7625 0.15625 0.7625 0.153125 0.75 0.053125 0.6609375 0.03125 0.65625 0.0125 0.6765625 0.0234375 0.7203125 0.05625 0.771875 0.1140625 0.7734375 0.128125 0.796875
0 0.2078125 0.875 0.234375 0.865625 0.23125 0.8390625 0.184375 0.840625 0.16875 0.85625 0.15 0.890625 0.14375 0.915625 0.1546875 0.9234375 0.1734375 0.9125 0.2078125 0.875
0 0.2625 0.70625 0.290625 0.696875 0.3171875 0.7203125 0.31875 0.70234375 0.3375 0.6609375 0.328125 0.6671875 0.3203125 0.6640625 0.30625 0.6359375 0.2765625 0.6234375 0.25625 0.6375 0.2265625 0.6765625 0.228125 0.7046875 0.2515625 0.7234375 0.2625 0.721875 0.2625 0.70625
0 0.2875 0.60625 0.3125 0.5671875 0.33125 0.51875 0.375 0.4984375 0.3796875 0.4875 0.375 0.4828125 0.346875 0.4859375 0.3203125 0.475 0.2765625 0.4984375 0.2375 0.54375 0.209375 0.609375 0.209375 0.6453125 0.2203125 0.6515625 0.2390625 0.646875 0.2875 0.60625
0 0.496875 0.790625 0.51875 0.7828125 0.5234375 0.7703125 0.5375 0.7625 0.5703125 0.7671875 0.5875 0.7578125 0.56875 0.746875 0.5640625 0.728125 0.5875 0.7203125 0.58125 0.709375 0.553125 0.703125 0.5265625 0.6890625 0.5171875 0.6765625 0.4671875 0.66875 0.375 0.6765625 0.3578125 0.6890625 0.3359375 0.7359375 0.334375 0.7515625 0.3421875 0.7609375 0.3875 0.790625 0.496875 0.790625
0 0.60625 0.46875 0.6203125 0.484375 0.621875 0.5015625 0.646875 0.5171875 0.6625 0.5375 0.703125 0.5578125 0.734375 0.55625 0.7359375 0.5390625 0.7265625 0.51875 0.6875 0.4671875 0.63125 0.4171875 0.6140625 0.409375 0.6015625 0.4125 0.584375 0.39375 0.5734375 0.3921875 0.5859375 0.4390625 0.56875 0.4765625 0.584375 0.478125 0.60625 0.46875
0 0.5484375 0.3578125 0.6 0.3765625 0.6140625 0.3921875 0.646875 0.4078125 0.68125 0.3890625 0.68125 0.371875 0.659375 0.34375 0.6328125 0.328125 0.590625 0.3171875 0.5734375 0.2984375 0.559375 0.2953125 0.5734375 0.328125 0.5578125 0.34375 0.5484375 0.3453125 0.5484375 0.3578125
0 0.6515625 0.2609375 0.6703125 0.246875 0.6703125 0.2390625 0.6546875 0.2234375 0.6328125 0.2125 0.5984375 0.209375 0.5578125 0.2265625 0.5515625 0.25 0.565625 0.246875 0.6171875 0.2640625 0.6515625 0.2609375
0 0.9234375 0.1921875 0.9328125 0.1796875 0.9328125 0.171875 0.9109375 0.1546875 0.8890625 0.1484375 0.840625 0.1484375 0.8046875 0.1625 0.775 0.1484375 0.76875 0.153125 0.7796875 0.1765625 0.76875 0.2109375 0.8796875 0.2140625 0.9234375 0.1921875
0 0.884375 0.36875 0.909375 0.378125 0.9359375 0.378125 0.94375 0.384375 0.9765625 0.346875 0.9875 0.3125 0.96875 0.290625 0.946875 0.2875 0.9046875 0.309375 0.89375 0.3296875 0.853125 0.33125 0.853125 0.3421875 0.8703125 0.3640625 0.853125 0.3890625 0.884375 0.36875
0 0.3234375 0.078125 0.3734375 0.0828125 0.403125 0.0703125 0.4203125 0.04375 0.3546875 0.0203125 0.3265625 0.01875 0.2984375 0.03125 0.2734375 0.0140625 0.2796875 0.0421875 0.271875 0.0703125 0.296875 0.0625 0.3234375 0.078125