0 0.225 0.43125 0.321875 0.45 0.4046875 0.503125 0.421875 0.50625 0.4234375 0.478125 0.4109375 0.4578125 0.428125 0.446875 0.4796875 0.4375 0.521875 0.41875 0.5546875 0.4015625 0.5671875 0.3828125 0.584375 0.371875 0.6609375 0.39375 0.6875 0.3921875 0.7046875 0.384375 0.7203125 0.3578125 0.7203125 0.31875 0.7109375 0.2984375 0.7140625 0.2828125 0.759375 0.2796875 0.8515625 0.3203125 0.8875 0.3203125 0.90625 0.25625 0.903125 0.1734375 0.89375 0.1375 0.865625 0.0765625 0.8484375 0.0546875 0.8234375 0.0375 0.8078125 0.0390625 0.7828125 0.0640625 0.7484375 0.1390625 0.7265625 0.1390625 0.7234375 0.10625 0.7 0.0828125 0.6453125 0.0703125 0.6015625 0.0734375 0.3296875 0.140625 0.25 0.184375 0.1921875 0.23125 0.1359375 0.2671875 0.0953125 0.309375 0.08125 0.3421875 0.084375 0.3671875 0.121875 0.390625 0.2 0.4171875 0.225 0.43125
0 0.0578125 0.1515625 0.0453125 0.115625 0.0296875 0.10625 0.009375 0.1140625 0.0078125 0.128125 0.025 0.1546875 0.05 0.15625 0.0578125 0.1515625
0 0.2296875 0 0.225 0.0078125 0.221875 0.0328125 0.2546875 0.0390625 0.2875 0 0.2296875 0
0 0.3359375 0.0703125 0.3171875 0.0296875 0.3 0.04375 0.2984375 0.0578125 0.3140625 0.075 0.3265625 0.0765625 0.3359375 0.0703125
0 0.309375 0 0.3140625 0.0203125 0.3390625 0.0375 0.353125 0.0390625 0.3515625 0 0.309375 0
0 0.4390625 0.0890625 0.4546875 0.06875 0.44375 0.0609375 0.43125 0.0375 0.4203125 0.0296875 0.415625 0.0359375 0.421875 0.05625 0.409375 0.071875 0.428125 0.0890625 0.4390625 0.0890625
0 0.515625 0.075 0.5109375 0.06875 0.4921875 0.0671875 0.4765625 0.071875 0.46875 0.08125 0.4671875 0.103125 0.4796875 0.103125 0.5046875 0.0953125 0.515625 0.075
0 0.471875 0 0.471875 0.01875 0.48125 0.0296875 0.490625 0.025 0.4890625 0 0.471875 0
0 0.515625 0 0.515625 0.009375 0.55 0.0109375 0.55625 0 0.515625 0
0 0.6390625 0.009375 0.6125 0.0234375 0.61875 0.065625 0.6421875 0.0609375 0.6625 0.040625 0.6390625 0.009375
0 0.66875 0 0.665625 0.009375 0.6953125 0.0359375 0.7453125 0.0015625 0.66875 0
0 0.9984375 0.04375 0.96875 0.0515625 0.9625 0.065625 0.9625 0.0921875 0.984375 0.0921875 0.9984375 0.0765625 0.9984375 0.04375