0 0.6375 0.1859375 0.6828125 0.1625 0.7078125 0.1671875 0.703125 0.2 0.7203125 0.2046875 0.7359375 0.196875 0.765625 0.159375 0.79375 0.15625 0.78125 0.1125 0.7890625 0.0875 0.8109375 0.065625 0.8140625 0.053125 0.784375 0.0671875 0.759375 0.096875 0.684375 0.0875 0.6390625 0.1046875 0.5921875 0.15 0.5703125 0.2046875 0.56875 0.215625 0.5859375 0.225 0.61875 0.1828125 0.6375 0.1859375
0 0.325 0.146875 0.3140625 0.1484375 0.3 0.165625 0.2984375 0.1859375 0.309375 0.190625 0.3265625 0.159375 0.325 0.146875
0 0.2 0.25 0.2203125 0.2390625 0.2203125 0.2234375 0.1765625 0.21875 0.15 0.2390625 0.140625 0.2578125 0.1390625 0.2765625 0.14375 0.28125 0.171875 0.2796875 0.2 0.25
0 0.0828125 0.3140625 0.0703125 0.3296875 0.0359375 0.3515625 0.015625 0.3796875 0.015625 0.4 0.0515625 0.4 0.06875 0.3796875 0.0828125 0.3140625
0 0.13125 0.453125 0.134375 0.43125 0.121875 0.409375 0.0953125 0.4328125 0.0890625 0.45 0.090625 0.475 0.0984375 0.478125 0.11875 0.4703125 0.13125 0.453125
0 0.228125 0.4265625 0.209375 0.425 0.1921875 0.453125 0.190625 0.478125 0.2046875 0.4859375 0.228125 0.44375 0.228125 0.4265625
0 0.2359375 0.7578125 0.23125 0.7390625 0.2203125 0.734375 0.1984375 0.7390625 0.190625 0.7515625 0.2015625 0.765625 0.2296875 0.7640625 0.2359375 0.7578125
0 0.3046875 0.7453125 0.3046875 0.7265625 0.296875 0.7171875 0.2859375 0.7140625 0.2703125 0.7203125 0.2671875 0.725 0.278125 0.746875 0.2984375 0.75 0.3046875 0.7453125
0 0.253125 0.8734375 0.2328125 0.859375 0.21875 0.859375 0.1984375 0.871875 0.2015625 0.8859375 0.24375 0.9046875 0.2671875 0.9015625 0.253125 0.8734375
0 0.446875 0.934375 0.440625 0.925 0.4140625 0.93125 0.4109375 0.9390625 0.4234375 0.946875 0.4390625 0.94375 0.446875 0.934375
0 0.384375 0.959375 0.3796875 0.9453125 0.36875 0.94375 0.35625 0.9515625 0.3515625 0.965625 0.3609375 0.9703125 0.3765625 0.96875 0.384375 0.959375
0 0.475 0.759375 0.465625 0.7515625 0.446875 0.75 0.4328125 0.759375 0.43125 0.771875 0.4484375 0.7796875 0.475 0.771875 0.475 0.759375
0 0.4546875 0.16875 0.4640625 0.1515625 0.44375 0.1453125 0.41875 0.165625 0.415625 0.1796875 0.4203125 0.1875 0.4296875 0.1875 0.4546875 0.16875
0 0.578125 0.134375 0.5484375 0.1453125 0.5296875 0.16875 0.528125 0.1875 0.5515625 0.18125 0.5609375 0.1734375 0.578125 0.134375
0 0.6765625 0.1734375 0.6640625 0.190625 0.653125 0.1890625 0.6421875 0.1984375 0.6296875 0.2234375 0.628125 0.240625 0.6390625 0.24375 0.6671875 0.2046875 0.6765625 0.1734375
0 0.81875 0.85 0.80625 0.8484375 0.79375 0.85625 0.7953125 0.875 0.821875 0.878125 0.8359375 0.871875 0.81875 0.85
0 0.075 0.515625 0.065625 0.5171875 0.065625 0.5328125 0.0796875 0.5421875 0.0828125 0.5234375 0.075 0.515625