0 0 0.3453125 0.0328125 0.3765625 0.0546875 0.384375 0.078125 0.3796875 0.0921875 0.384375 0.1109375 0.40625 0.1171875 0.4265625 0.134375 0.428125 0.1453125 0.4171875 0.15 0.396875 0.1609375 0.3078125 0.1578125 0.275 0.1671875 0.2296875 0.190625 0.18125 0.1984375 0.1765625 0.2296875 0.1796875 0.2328125 0.1734375 0.209375 0.14375 0.178125 0.146875 0.1484375 0.1390625 0.1453125 0.1234375 0.1328125 0.1109375 0.1125 0.1109375 0.103125 0.1203125 0.0578125 0.128125 0.0359375 0.1390625 0 0.1734375 0 0.3453125
0 0.328125 0.53125 0.3890625 0.496875 0.4140625 0.465625 0.434375 0.453125 0.4515625 0.4109375 0.4484375 0.39375 0.4671875 0.353125 0.484375 0.340625 0.4515625 0.3291671875 0.4515625 0.28125 0.4390625 0.2828125 0.4375 0.3161453125 0.4171875 0.3296875 0.3890625 0.3171875 0.340625 0.3140625 0.3109375 0.33125 0.271875 0.375 0.234375 0.446875 0.2296875 0.4734375 0.234375 0.4890625 0.3 0.5296875 0.328125 0.53125
0 0.240625 0.4265625 0.2796875 0.3609375 0.328125 0.31875 0.3640625 0.3109375 0.375 0.2796875 0.3296875 0.271875 0.3 0.28125 0.2578125 0.321875 0.2171875 0.3828125 0.2109375 0.4328125 0.2203125 0.453125 0.2328125 0.4515625 0.240625 0.4265625
0 0.43125 0.3015625 0.4 0.2890625 0.4140625 0.3046875 0.415625 0.325 0.43125 0.3265625 0.43125 0.3015625
0 0.4109375 0.621875 0.434375 0.6015625 0.453125 0.565625 0.4734375 0.4828125 0.4703125 0.434375 0.4625 0.4453125 0.4421875 0.446875 0.3921875 0.4984375 0.3578125 0.5140625 0.328125 0.540625 0.328125 0.58125 0.346875 0.60625 0.3765625 0.6265625 0.4109375 0.621875
0 0.2015625 0.828125 0.2625 0.7859375 0.2796875 0.7546875 0.290625 0.69375 0.21875 0.69375 0.1609375 0.7078125 0.11875 0.7421875 0.084375 0.7984375 0.0828125 0.825 0.1109375 0.8390625 0.1546875 0.84375 0.2015625 0.828125
0 0.4203125 0.765625 0.4484375 0.7484375 0.484375 0.7484375 0.4984375 0.709375 0.4984375 0.6984375 0.465625 0.65625 0.4640625 0.640625 0.4125 0.6296875 0.3578125 0.640625 0.325 0.6640625 0.296875 0.696875 0.290625 0.746875 0.3046875 0.759375 0.3640625 0.78125 0.4203125 0.765625
0 0.5921875 0.740625 0.6453125 0.7328125 0.6734375 0.7171875 0.6859375 0.7171875 0.684375 0.696875 0.61875 0.68125 0.5578125 0.6515625 0.5015625 0.5875 0.478125 0.60625 0.4671875 0.640625 0.465625 0.653125 0.478125 0.6734375 0.5390625 0.73125 0.5921875 0.740625
0 0.6828125 0.70625 0.6890625 0.7328125 0.7 0.7421875 0.75 0.7203125 0.778125 0.7515625 0.8015625 0.7203125 0.8015625 0.7078125 0.828125 0.6765625 0.85 0.6609375 0.859375 0.6234375 0.9140625 0.615625 0.9109375 0.565625 0.734375 0.425 0.6578125 0.3765625 0.6234375 0.3734375 0.5984375 0.378125 0.55625 0.4046875 0.503125 0.446875 0.4703125 0.5046875 0.46875 0.53125 0.475 0.54375 0.5515625 0.646875 0.6828125 0.70625
0 0.521875 0.3328125 0.56875 0.340625 0.596875 0.325 0.5921875 0.296875 0.5796875 0.2703125 0.55625 0.2625 0.5234375 0.2625 0.5171875 0.275 0.5046875 0.28125 0.5078125 0.3125 0.521875 0.3328125
0 0.78125 0.4671875 0.825 0.4984375 0.85 0.50625 0.896875 0.496875 0.915625 0.4765625 0.9625 0.44375 0.984375 0.4140625 0.984375 0.403125 0.971875 0.384375 0.9625 0.3875 0.9390625 0.375 0.9171875 0.371875 0.878125 0.35 0.80625 0.35 0.771875 0.365625 0.7375 0.3671875 0.7 0.390625 0.696875 0.3953125 0.70625 0.4046875 0.7421875 0.428125 0.78125 0.4671875
0 0.8828125 0.9828125 0.909375 0.9421875 0.903125 0.915625 0.890625 0.91875 0.8703125 0.8828125 0.8515625 0.86875 0.8234375 0.8703125 0.771875 0.9015625 0.7328125 0.9390625 0.7703125 0.9984375 0.859375 0.9984375 0.8828125 0.9828125
0 0.875 0.759375 0.9078125 0.7859375 0.9453125 0.7875 0.9484375 0.75 0.9328125 0.7203125 0.9125 0.7 0.8765625 0.6421875 0.865625 0.6328125 0.8625 0.6359375 0.84375 0.6765625 0.8453125 0.7015625 0.8578125 0.7359375 0.875 0.759375