0 0.109375 0 0.121875 0.053125 0.140625 0.065625 0.1484375 0.0640625 0.1578125 0.040625 0.1578125 0.0140625 0.1515625 0 0.109375 0
0 0.11875 0.1328125 0.1203125 0.0609375 0.109375 0.003125 0.04375 0 0.034375 0.0078125 0.0375 0.0703125 0.0640625 0.1421875 0.1 0.1546875 0.11875 0.1328125
0 0 0.221875 0.028125 0.2078125 0.0875 0.1609375 0.0640625 0.1515625 0.0078125 0.1546875 0 0.15625 0 0.221875
0 0 0.359375 0.04375 0.334375 0.1046875 0.2828125 0.11875 0.246875 0.1296875 0.2359375 0.125 0.23125 0.15 0.2078125 0.1375 0.2078125 0.128125 0.196875 0.09375 0.2 0.009375 0.25625 0 0.265625 0 0.359375
0 0.1390625 0.4625 0.1609375 0.4453125 0.165625 0.4109375 0.15625 0.375 0.140625 0.346875 0.11875 0.2625 0.1015625 0.2984375 0.0859375 0.35625 0.0859375 0.390625 0.096875 0.425 0.1171875 0.45625 0.1390625 0.4625
0 0.3234375 0 0.3328125 0.0296875 0.328125 0.0640625 0.3375 0.1140625 0.4015625 0.23125 0.4625 0.3078125 0.5484375 0.2265625 0.55 0.203125 0.540625 0.1609375 0.515625 0.1046875 0.475 0.05625 0.434375 0.0234375 0.3859375 0 0.3234375 0
0 0.26875 0.6265625 0.2921875 0.621875 0.309375 0.6046875 0.3375 0.5578125 0.35625 0.478125 0.4125 0.3671875 0.4109375 0.253125 0.3625 0.1671875 0.353125 0.16875 0.2359375 0.2890625 0.2015625 0.3390625 0.1734375 0.4 0.1734375 0.5015625 0.1921875 0.559375 0.23125 0.61875 0.26875 0.6265625
0 0.5703125 0 0.55 0.0328125 0.5390625 0.0765625 0.5359375 0.11875 0.5484375 0.178125 0.5640625 0.2140625 0.69375 0.175 0.7015625 0.1140625 0.696875 0.0734375 0.6875 0.04375 0.6515625 0 0.5703125 0
0 0.7390625 0.3765625 0.778125 0.3625 0.7953125 0.3421875 0.853125 0.240625 0.865625 0.19375 0.8609375 0.1421875 0.7828125 0.1796875 0.7046875 0.25625 0.7 0.2609375 0.7015625 0.303125 0.71875 0.365625 0.7390625 0.3765625
0 0.734375 0 0.7328125 0.0046875 0.7421875 0.0109375 0.7390625 0.03125 0.7171875 0.0609375 0.7015625 0.13125 0.7 0.1703125 0.70625 0.171875 0.778125 0.1484375 0.790625 0.125 0.80859375 0.1234375 0.828125 0.1359375 0.8578125 0.128125 0.859375 0.115625 0.8453125 0.075 0.8265625 0.0375 0.8015625 0.00625 0.790625 0 0.734375 0
0 0.4046875 0.5453125 0.4140625 0.5328125 0.4578125 0.50625 0.6375 0.3234375 0.6625 0.2828125 0.6734375 0.28125 0.6921875 0.25625 0.7125 0.246875 0.76875 0.1859375 0.8171875 0.153125 0.759375 0.1609375 0.6015625 0.2015625 0.546875 0.2328125 0.49114531250000004 0.2822921875 0.4359375 0.34375 0.3765625 0.44375 0.3546875 0.5015625 0.353125 0.5390625 0.359375 0.5515625 0.3765625 0.5578125 0.4046875 0.5453125
0 0.56875 0.7328125 0.6 0.7484375 0.6234375 0.7515625 0.640625 0.746875 0.68125 0.68125 0.6921875 0.6375 0.696875 0.5828125 0.6953125 0.4703125 0.6859375 0.425 0.6703125 0.396875 0.6375 0.359375 0.6171875 0.346875 0.521875 0.4390625 0.484375 0.50625 0.484375 0.55 0.496875 0.6015625 0.55 0.715625 0.56875 0.7328125
0 0.0765625 0.9984375 0.2 0.9984375 0.2109375 0.9921875 0.284375 0.984375 0.340625 0.9640625 0.3796875 0.9171875 0.434375 0.7796875 0.434375 0.6640625 0.41875 0.584375 0.403125 0.5640625 0.3833328125 0.5640625 0.3453125 0.5515625 0.3078125 0.615625 0.275 0.6375 0.24375 0.6828125 0.2 0.7984375 0.1265625 0.8484375 0.0796875 0.8953125 0.0734375 0.9125 0.0734375 0.940625 0.0640625 0.9578125 0.0640625 0.978125 0.0765625 0.9984375
0 0 0.9984375 0.028125 0.9984375 0.053125 0.971875 0.0546875 0.940625 0.071875 0.8953125 0.1171875 0.85 0.1484375 0.828125 0.2140625 0.7234375 0.23125 0.6375 0.178125 0.5375 0.16875 0.4703125 0.1625 0.4609375 0.140625 0.4671875 0.1109375 0.503125 0.009375 0.59375 0 0.603125 0 0.9984375
0 0.43125 0.940625 0.5125 0.9453125 0.54375 0.9375 0.6171875 0.90625 0.6328125 0.878125 0.65625 0.8796875 0.6765625 0.89375 0.7703125 0.8921875 0.8125 0.8625 0.8328125 0.840625 0.8640625 0.765625 0.8671875 0.7203125 0.85625 0.675 0.8171875 0.5734375 0.78125 0.5140625 0.74375 0.46875 0.75625 0.3828125 0.6859375 0.3671875 0.6765625 0.353125 0.6578125 0.34375 0.6546875 0.3515625 0.634375 0.3578125 0.61875 0.346875 0.515625 0.4484375 0.4890625 0.496875 0.4609375 0.51875 0.4265625 0.58125 0.4421875 0.753125 0.4109375 0.896875 0.41875 0.9234375 0.43125 0.940625
0 0.8546875 0.521875 0.853125 0.5015625 0.8609375 0.4875 0.8265625 0.4390625 0.8125 0.3859375 0.8078125 0.3828125 0.7921875 0.3984375 0.7796875 0.3921875 0.778125 0.38125 0.771875 0.3828125 0.7515625 0.4296875 0.75 0.4734375 0.7859375 0.5140625 0.8375 0.6 0.8546875 0.521875
0 0.93125 0.80625 0.9671875 0.825 0.9984375 0.81875 0.9984375 0.4578125 0.96875 0.446875 0.9203125 0.48125 0.884375 0.49375 0.8578125 0.5234375 0.84375 0.5796875 0.8421875 0.6234375 0.865625 0.684375 0.878125 0.7453125 0.93125 0.80625
0 0.934375 0.46875 0.9984375 0.425 0.9984375 0.215625 0.965625 0.2203125 0.8765625 0.2625 0.821875 0.315625 0.8140625 0.3359375 0.8203125 0.3984375 0.85 0.45625 0.8859375 0.4859375 0.934375 0.46875