0 0.35625 0.625 0.4078125 0.6046875 0.41875 0.609375 0.425 0.603125 0.41875 0.584375 0.3359375 0.5390625 0.290625 0.5375 0.240625 0.5578125 0.228125 0.55625 0.23125 0.590625 0.259375 0.590625 0.3171875 0.621875 0.35625 0.625
0 0.5359375 0.7484375 0.5859375 0.690625 0.6359375 0.6046875 0.653125 0.6078125 0.65 0.5359375 0.6421875 0.534375 0.6421875 0.54375 0.625 0.559375 0.5703125 0.575 0.5375 0.6 0.503125 0.6359375 0.478125 0.68125 0.475 0.709375 0.484375 0.7671875 0.5015625 0.7671875 0.5359375 0.7484375
0 0.6 0.80625 0.621875 0.7625 0.6046875 0.746875 0.5890625 0.74375 0.528125 0.753125 0.5046875 0.7671875 0.5 0.7765625 0.50625 0.815625 0.578125 0.81875 0.6 0.80625
0 0.6515625 0.4703125 0.709375 0.45625 0.7203125 0.4421875 0.6609375 0.4109375 0.6546875 0.384375 0.6328125 0.3921875 0.6125 0.4328125 0.6109375 0.4546875 0.6265625 0.45625 0.6390625 0.46875 0.6515625 0.4703125
0 0.89375 0.7625 0.8796875 0.7453125 0.8625 0.74375 0.8296875 0.76875 0.83125 0.7859375 0.8578125 0.796875 0.890625 0.7828125 0.89375 0.7625
0 0.6734375 0.7421875 0.6546875 0.734375 0.6453125 0.734375 0.6296875 0.753125 0.625 0.76875 0.6453125 0.7828125 0.678125 0.759375 0.6734375 0.7421875
0 0.8609375 0.0484375 0.8640625 0.0296875 0.84375 0.0078125 0.825 0.0046875 0.8140625 0.0171875 0.8140625 0.0328125 0.8265625 0.0484375 0.8390625 0.0546875 0.8609375 0.0484375
0 0.6890625 0.2 0.6546875 0.190625 0.6390625 0.1921875 0.628125 0.2046875 0.628125 0.215625 0.6421875 0.225 0.6875 0.2203125 0.6890625 0.2
0 0.2109375 0.44375 0.215625 0.4265625 0.1890625 0.3625 0.171875 0.3484375 0.1515625 0.35 0.1515625 0.38125 0.165625 0.409375 0.184375 0.434375 0.2109375 0.44375
0 0.171875 0.625 0.16875 0.61875 0.15625 0.6171875 0.1375 0.634375 0.134375 0.6515625 0.1421875 0.6546875 0.1609375 0.6484375 0.171875 0.625
0 0.4390625 0.35 0.390625 0.334375 0.3703125 0.3421875 0.35625 0.35625 0.3609375 0.371875 0.4046875 0.3609375 0.434375 0.36875 0.4390625 0.35
0 0.30625 0.3640625 0.3078125 0.353125 0.3 0.3375 0.2625 0.3296875 0.2578125 0.3390625 0.275 0.3625 0.29375 0.3703125 0.30625 0.3640625
0 0.1609375 0.271875 0.153125 0.2546875 0.14375 0.246875 0.125 0.2453125 0.134375 0.271875 0.15 0.2859375 0.1578125 0.2859375 0.1609375 0.271875
0 0.075 0.08046875 0.0875 0.1109375 0.1359375 0.1203125 0.1375 0.103125 0.121875 0.078125 0.0453125 0.0265625 0.05625 0.05625 0.0484375 0.071875 0.0625 0.06875 0.075 0.08046875
0 0.20625 0 0.2015625 0.040625 0.215625 0.0625 0.228125 0.046875 0.228125 0.0328125 0.2125 0 0.20625 0
0 0.4078125 0.003125 0.4234375 0.015625 0.4328125 0 0.4078125 0.003125
0 0 0.3671875 0.025 0.39375 0.0390625 0.396875 0.0484375 0.3875 0.0484375 0.375 0.034375 0.3421875 0.01875 0.3375 0 0.3375 0 0.3671875
0 0.034375 0.4484375 0.0234375 0.434375 0.003125 0.43125 0 0.4734375 0.0171875 0.4765625 0.0328125 0.4640625 0.034375 0.4484375
0 0.0734375 0.4859375 0.071875 0.46875 0.0640625 0.4578125 0.05 0.4609375 0.0421875 0.46875 0.0453125 0.4828125 0.065625 0.496875 0.0734375 0.4859375
0 0.0015625 0.50625 0 0.5421875 0.0109375 0.5421875 0.0171875 0.5296875 0.0015625 0.50625